    wbcode                                 country  disa1  disa2  disa3  disa4  disa5  disa6  disa7  disa8  disa9  disa10  disa11  disa12  disa13  disa14  disa15  disa16  disa17  disa18  disa19  disa20  disa21  disa22  disa23  disa24  disa25
    0      AFG                             Afghanistan   0.00   0.00   0.76   0.73   0.00   0.00   0.00   0.00   0.00    0.00    0.00    0.00    0.06    0.00    0.00    0.00    0.00    0.00    0.00    0.00    0.00    0.00    0.02    0.00    0.00
    1      AGO                                  Angola   0.32   0.02   0.56   0.00   0.00   0.00   0.56   0.00   0.00    0.13    0.00    0.00    0.00    0.00    0.06    0.00    0.40    0.00    0.61    0.00    0.00    0.99    0.98    0.61    0.00
    2      ALB                                 Albania   0.00   0.00   0.02   0.00   0.00   0.00   0.00   0.00   0.00    0.00    0.00    0.00    0.00    0.00    0.99    0.00    0.00    0.00    0.00    0.00    0.00    0.00    0.00    0.00    0.16
    3      ARE                    United Arab Emirates   0.00   0.00   0.00   0.00   0.00   0.00   0.00   0.00   0.00    0.00    0.00    0.00    0.00    0.00    0.00    0.00    0.00    0.00    0.00    0.00    0.00    0.00    0.00    0.00    0.00
    4      ARG                               Argentina   0.00   0.24   0.24   0.00   0.00   0.23   0.00   0.00   0.19    0.00    0.00    0.00    0.00    0.00    0.23    0.00    0.00    0.00    0.00    0.05    0.00    0.00    0.01    0.00    0.11
    5      ARM                                 Armenia   0.00   0.01   0.04   0.02   0.00   0.00   0.00   0.00   0.00    0.00    0.00    0.00    0.00    0.00    0.97    0.00    0.00    0.00    0.00    0.00    0.00    0.00    0.00    0.00    0.25
    6      AUS                               Australia   0.00   0.04   0.01   0.00   0.00   0.00   0.00   0.00   0.00    0.00    0.00    0.00    0.00    0.00    0.02    0.00    0.02    0.00    0.00    0.00    0.00    0.00    0.07    0.00    0.00
    7      AUT                                 Austria   0.00   0.00   0.02   0.00   0.00   0.00   0.00   0.00   0.00    0.00    0.00    0.00    0.00    0.00    0.97    0.00    0.00    0.00    0.00    0.05    0.00    0.00    0.00    0.00    0.08
    8      AZE                              Azerbaijan   0.00   0.09   0.01   0.89   0.00   0.00   0.00   0.00   0.00    0.00    0.00    0.00    0.00    0.00    0.82    0.00    0.00    0.00    0.00    0.00    0.00    0.00    0.00    0.00    0.32
    9      BDI                                 Burundi   1.01   0.00   0.99   0.00   0.00   0.00   0.00   0.00   0.00    0.00    0.00    0.00    0.00    0.00    0.59    0.00    0.99    0.02    0.00    0.00    0.00    0.99    0.24    0.99    0.00
    10     BEL                                 Belgium   0.00   0.00   0.00   0.00   0.00   0.00   0.00   0.00   0.00    0.00    0.00    0.00    0.00    0.00    0.98    0.00    0.00    0.00    0.00    0.00    0.00    0.00    0.00    0.00    0.00
    11     BEN                                   Benin   1.01   0.00   1.00   1.00   0.00   0.00   1.00   0.76   0.00    0.77    0.00    0.00    0.00    0.00    1.00    0.00    1.00    0.24    1.00    0.41    0.00    1.00    0.12    1.00    0.00
    12     BFA                            Burkina Faso   1.01   0.00   1.00   1.00   0.00   0.00   1.00   0.01   0.00    0.00    0.00    0.00    0.00    0.00    1.00    0.00    1.00    0.38    1.00    0.00    0.00    0.99    0.95    0.94    0.00
    13     BGD                              Bangladesh   0.00   0.00   1.00   0.00   0.99   0.00   0.00   0.00   0.00    0.85    0.35    0.00    0.00    0.00    1.00    0.00    0.77    0.00    0.00    1.00    0.00    0.00    0.98    0.96    0.97
    14     BGR                                Bulgaria   0.00   0.00   0.04   0.00   0.03   0.00   0.00   0.00   0.00    0.00    0.00    0.00    0.02    0.00    0.00    0.00    0.00    0.00    0.00    0.02    0.00    0.00    0.00    0.00    0.03
    15     BIH                  Bosnia and Herzegovina   0.00   0.00   0.98   0.00   0.33   0.00   0.00   0.00   0.00    0.00    0.00    0.00    0.00    0.00    0.99    0.00    0.00    0.00    0.00    0.00    0.00    0.00    0.00    0.00    0.98
    16     BLR                                Byelarus   0.00   0.00   0.00   0.00   0.00   0.00   0.00   0.00   0.00    0.00    0.00    0.00    1.00    0.00    0.00    0.00    0.00    0.00    0.00    0.00    0.00    0.00    0.00    0.00    0.00
    17     BLZ                                  Belize   0.00   0.00   0.00   0.00   0.00   0.98   0.00   0.00   0.01    0.00    0.00    0.00    0.00    0.00    0.38    0.00    0.00    0.00    0.00    0.00    0.00    0.00    0.90    0.00    0.00
    18     BOL                                 Bolivia   0.74   0.06   0.51   0.00   0.00   0.10   0.00   0.00   0.01    0.00    0.00    0.00    0.00    0.00    0.48    0.00    0.00    0.00    0.00    0.00    0.00    0.76    0.96    0.00    0.42
    19     BRA                                  Brazil   0.48   0.04   0.49   0.00   0.21   0.43   0.00   0.35   0.01    0.00    0.00    0.00    0.00    0.00    0.46    0.00    0.33    0.00    0.03    0.00    0.00    0.71    0.51    0.02    0.61
    20     BRN                                  Brunei   0.00   0.00   0.90   0.00   0.00   0.00   0.00   0.00   0.00    0.00    0.93    0.00    0.00    0.00    0.93    0.00    0.00    0.00    0.00    0.00    0.00    0.00    0.99    0.99    0.00
    21     BTN                                  Bhutan   0.00   0.00   0.17   0.00   0.15   0.00   0.00   0.00   0.00    0.64    0.51    0.00    0.00    0.00    0.62    0.00    0.14    0.00    0.00    0.16    0.00    0.00    0.05    0.00    0.10
    22     BWA                                Botswana   0.00   0.06   0.31   0.00   0.00   0.00   0.00   0.00   0.00    0.00    0.00    0.00    0.00    0.00    0.00    0.00    0.00    0.00    0.00    0.00    0.00    0.00    0.00    0.00    0.00
    23     CAF                Central African Republic   1.00   0.00   0.49   0.00   0.00   0.00   0.58   0.20   0.00    0.18    0.00    0.00    0.00    0.00    0.52    0.44    0.60    0.54    0.69    0.00    0.01    1.00    0.02    1.00    0.00
    24     CAN                                  Canada   0.00   0.00   0.00   0.00   0.00   0.00   0.00   0.00   0.00    0.00    0.00    0.00    0.11    0.00    0.00    0.00    0.00    0.00    0.00    0.00    0.00    0.00    0.00    0.00    0.00
    25     CHE                             Switzerland   0.00   0.00   0.00   0.00   0.00   0.00   0.00   0.00   0.00    0.00    0.00    0.00    0.82    0.00    0.01    0.00    0.00    0.00    0.00    0.00    0.00    0.00    0.00    0.00    0.00
    26     CHL                                   Chile   0.00   0.04   0.00   0.00   0.00   0.00   0.00   0.00   0.00    0.00    0.00    0.00    0.00    0.00    0.00    0.00    0.00    0.00    0.00    0.00    0.00    0.00    0.02    0.00    0.00
    27     CHN                                   China   0.00   0.11   0.13   0.00   0.23   0.00   0.00   0.00   0.00    0.19    0.06    0.00    0.06    0.01    0.21    0.00    0.07    0.00    0.00    0.21    0.00    0.00    0.00    0.14    0.00
    28     CIV                             Ivory Coast   1.00   0.00   1.00   1.00   0.00   0.00   1.00   0.26   0.00    0.00    0.00    0.00    0.00    0.00    1.00    0.00    1.00    0.38    1.00    0.00    0.00    1.00    0.99    1.00    0.00
    29     CMR                                Cameroon   1.00   0.00   0.88   0.03   0.00   0.00   1.00   0.12   0.00    0.98    0.00    0.00    0.00    0.00    0.98    0.91    1.00    1.00    1.00    0.00    0.06    1.00    0.00    1.00    0.00
    30     COG                                   Congo   1.00   0.00   0.69   0.00   0.00   0.00   0.77   0.44   0.00    0.23    0.00    0.00    0.00    0.00    0.83    0.77    0.81    0.98    0.84    0.00    0.01    1.00    0.03    1.00    0.00
    31     COL                                Colombia   0.91   0.00   0.06   0.00   0.00   0.36   0.00   0.00   0.19    0.56    0.00    0.00    0.00    0.00    0.44    0.00    0.11    0.00    0.00    0.00    0.00    0.91    0.98    0.00    0.08
    32     CRI                              Costa Rica   0.00   0.00   0.00   0.00   0.00   0.74   0.00   0.00   0.00    0.00    0.00    0.00    0.00    0.00    0.70    0.00    0.41    0.00    0.00    0.00    0.00    0.07    0.97    0.07    0.36
    33     CUB                                    Cuba   0.00   0.07   0.97   0.00   0.00   0.00   0.00   0.00   0.00    0.00    0.00    0.00    0.00    0.00    0.00    0.00    0.97    0.00    0.00    0.02    0.00    0.00    0.97    0.00    0.00
    34     CYP                                  Cyprus   0.00   0.00   0.83   0.83   0.34   0.00   0.83   0.00   0.00    0.00    0.00    0.00    0.00    0.00    0.00    0.00    0.00    0.00    0.00    0.83    0.00    0.00    0.00    0.00    0.93
    35     CZE                          Czech Republic   0.00   0.00   0.00   0.00   0.00   0.00   0.00   0.00   0.00    0.00    0.00    0.00    0.00    0.00    0.08    0.00    0.00    0.00    0.00    0.02    0.00    0.00    0.00    0.00    0.00
    36     DEU                                 Germany   0.00   0.00   0.00   0.00   0.00   0.00   0.00   0.00   0.00    0.00    0.00    0.00    0.17    0.00    0.04    0.00    0.00    0.00    0.00    0.00    0.00    0.00    0.00    0.00    0.00
    37     DJI                                Djibouti   0.01   0.00   0.02   0.00   0.00   0.00   0.02   0.00   0.00    0.00    0.00    0.00    0.00    0.00    0.00    0.00    0.00    0.00    0.00    0.01    0.00    0.03    0.95    0.00    0.00
    38     DNK                                 Denmark   0.00   0.00   0.00   0.00   0.00   0.00   0.00   0.00   0.00    0.00    0.00    0.00    0.83    0.00    0.00    0.00    0.00    0.00    0.00    0.00    0.00    0.00    0.00    0.00    0.00
    39     DOM                      Dominican Republic   0.00   0.00   1.00   0.00   0.00   0.00   0.00   0.00   0.00    0.00    0.00    0.00    0.00    0.00    0.00    0.00    1.00    0.00    0.00    0.00    0.00    0.00    0.94    0.94    0.00
    40     DZA                                 Algeria   0.00   0.00   0.00   0.15   0.00   0.00   0.07   0.00   0.00    0.00    0.00    0.00    0.00    0.00    0.06    0.00    0.04    0.00    0.01    0.00    0.00    0.00    0.00    0.00    0.08
    41     ECU                                 Ecuador   0.31   0.21   0.01   0.00   0.00   0.69   0.00   0.00   0.00    0.92    0.00    0.00    0.00    0.00    0.16    0.00    0.00    0.00    0.00    0.00    0.00    0.31    1.00    0.00    0.00
    42     EGY                                   Egypt   0.00   0.04   0.22   0.03   0.01   0.00   0.32   0.07   0.00    0.00    0.00    0.00    0.00    0.00    0.23    0.00    0.10    0.06    0.00    0.19    0.00    0.00    0.00    0.00    0.02
    43     ERI                                 Eritrea   0.78   0.00   1.00   0.00   0.00   0.00   0.00   0.33   0.00    0.00    0.00    0.00    0.00    0.00    0.95    0.00    0.00    0.01    0.00    1.00    0.00    0.01    0.97    0.00    0.29
    44     ESP                                   Spain   0.00   0.00   0.28   0.17   0.22   0.00   0.00   0.00   0.00    0.00    0.00    0.00    0.00    0.00    0.13    0.00    0.06    0.00    0.00    0.00    0.00    0.00    0.00    0.00    0.99
    45     EST                                 Estonia   0.00   0.00   0.00   0.00   0.00   0.00   0.00   0.00   0.00    0.00    0.00    0.00    1.04    0.00    0.00    0.00    0.00    0.00    0.00    0.00    0.00    0.00    0.00    0.00    0.00
    46     ETH                                Ethiopia   1.00   0.00   0.74   0.04   0.06   0.00   0.73   0.11   0.00    0.00    0.00    0.00    0.00    0.00    0.01    0.00    0.00    0.03    0.00    0.02    0.00    0.99    1.00    0.26    0.52
    47     FIN                                 Finland   0.00   0.00   0.00   0.00   0.00   0.00   0.00   0.00   0.00    0.00    0.00    0.00    0.82    0.00    0.00    0.00    0.00    0.00    0.00    0.00    0.00    0.00    0.00    0.00    0.00
    48     FRA                                  France   0.00   0.01   0.00   0.00   0.09   0.00   0.00   0.00   0.00    0.00    0.00    0.00    0.00    0.00    0.09    0.00    0.00    0.00    0.00    0.00    0.00    0.00    0.00    0.00    0.27
    49     GAB                                   Gabon   0.99   0.00   0.92   0.00   0.00   0.00   1.00   0.00   0.00    0.00    0.00    0.00    0.00    0.00    0.93    0.94    0.93    1.00    0.92    0.00    0.53    1.00    0.00    1.00    0.00
    50     GBR                          United Kingdom   0.00   0.00   0.00   0.00   0.00   0.00   0.00   0.00   0.00    0.00    0.00    0.00    0.00    0.00    0.00    0.00    0.00    0.00    0.00    0.00    0.00    0.00    0.00    0.00    0.00
    51     GEO                                 Georgia   0.00   0.00   0.01   0.05   0.00   0.00   0.00   0.00   0.00    0.00    0.00    0.00    0.00    0.00    0.38    0.00    0.00    0.00    0.00    0.01    0.00    0.00    0.00    0.00    0.00
    52     GHA                                   Ghana   1.00   0.04   1.00   0.90   0.00   0.00   1.00   0.63   0.00    0.00    0.00    0.00    0.00    0.00    1.00    0.00    1.00    0.44    1.00    0.03    0.00    1.00    1.00    1.00    0.00
    53     GIN                                  Guinea   1.00   0.00   1.00   0.99   0.00   0.00   1.00   0.53   0.00    0.00    0.00    0.00    0.00    0.00    1.00    0.00    1.00    0.32    1.00    0.00    0.00    1.00    0.95    1.00    0.00
    54     GMB                             Gambia, The   1.03   0.00   1.01   0.09   0.00   0.00   1.00   0.00   0.00    0.00    0.00    0.00    0.00    0.00    1.00    0.00    1.00    0.74    1.00    0.00    0.00    1.02    0.07    1.02    0.00
    55     GNB                           Guinea-Bissau   0.99   0.00   0.98   0.02   0.00   0.00   0.98   0.00   0.00    0.00    0.00    0.00    0.00    0.00    0.98    0.00    0.98    0.93    0.98    0.00    0.00    1.01    0.14    1.01    0.00
    56     GNQ                       Equatorial Guinea   1.04   0.00   0.99   0.00   0.00   0.00   0.46   0.00   0.00    0.00    0.00    0.00    0.00    0.00    0.52    0.99    0.99    0.99    0.99    0.00    0.06    0.92    0.00    0.92    0.00
    57     GRC                                  Greece   0.00   0.00   0.95   0.00   0.82   0.00   0.00   0.00   0.00    0.00    0.00    0.00    0.00    0.00    0.01    0.00    0.00    0.00    0.00    0.94    0.00    0.00    0.00    0.00    0.96
    58     GRL                               Greenland   0.00   0.00   0.00   0.00   0.00   0.00   0.00   0.00   0.00    0.00    0.00    0.00    0.00    0.00    0.00    0.00    0.00    0.00    0.00    0.00    0.00    0.00    0.00    0.00    0.00
    59     GTM                               Guatemala   0.00   0.00   0.67   0.00   0.00   0.34   0.00   0.00   0.00    0.00    0.00    0.00    0.00    0.00    0.79    0.00    0.00    0.56    0.00    0.00    0.00    0.00    0.98    0.00    0.21
    60     GUF                           French Guiana   0.94   0.00   0.27   0.00   0.00   0.20   0.00   0.00   0.00    0.00    0.00    0.00    0.00    0.00    0.33    0.00    0.27    0.00    0.00    0.00    0.00    0.96    0.85    0.39    0.00
    61     GUY                                  Guyana   0.94   0.00   0.13   0.00   0.00   0.00   0.00   0.00   0.00    0.00    0.00    0.00    0.00    0.00    0.23    0.00    0.24    0.00    0.00    0.00    0.00    0.98    0.97    0.53    0.00
    62     HND                                Honduras   0.00   0.00   0.73   0.00   0.00   0.00   0.00   0.00   0.00    0.00    0.00    0.00    0.00    0.00    0.77    0.00    0.00    0.00    0.00    0.00    0.00    0.00    0.98    0.00    0.37
    63     HRV                                 Croatia   0.00   0.00   0.98   0.00   0.47   0.00   0.00   0.00   0.00    0.00    0.00    0.00    0.00    0.00    1.00    0.00    0.16    0.00    0.00    0.00    0.00    0.00    0.00    0.00    0.59
    64     HTI                                   Haiti   0.00   0.00   0.97   0.00   0.00   0.00   0.00   0.00   0.00    0.00    0.00    0.00    0.00    0.00    0.00    0.00    0.97    0.00    0.00    0.00    0.00    0.00    0.93    0.93    0.00
    65     HUN                                 Hungary   0.00   0.00   0.04   0.00   0.00   0.00   0.00   0.00   0.00    0.00    0.00    0.00    0.50    0.00    0.58    0.00    0.00    0.00    0.00    0.00    0.00    0.00    0.00    0.00    0.00
    66     IDN                               Indonesia   0.00   0.07   0.76   0.00   0.00   0.00   0.00   0.00   0.00    0.34    0.34    0.00    0.00    0.00    0.53    0.00    0.52    0.00    0.02    0.41    0.00    0.00    0.97    0.86    0.00
    67     IND                                   India   0.00   0.08   0.86   0.15   0.32   0.00   0.00   0.00   0.00    0.16    0.11    0.00    0.00    0.00    0.92    0.00    0.28    0.00    0.00    0.90    0.00    0.00    0.95    0.62    0.30
    68     IRL                                 Ireland   0.00   0.02   0.00   0.00   0.00   0.00   0.00   0.00   0.00    0.00    0.00    0.00    0.95    0.00    0.00    0.00    0.00    0.00    0.00    0.00    0.00    0.00    0.00    0.00    0.00
    69     IRN                                    Iran   0.00   0.04   0.75   0.36   0.02   0.00   0.03   0.00   0.00    0.00    0.00    0.00    0.00    0.00    0.04    0.00    0.00    0.00    0.00    0.00    0.00    0.00    0.00    0.00    0.02
    70     IRQ                                    Iraq   0.00   0.10   0.53   0.20   0.00   0.00   0.33   0.00   0.00    0.00    0.00    0.00    0.00    0.00    0.59    0.00    0.00    0.00    0.00    0.00    0.00    0.00    0.00    0.00    0.00
    71     ISL                                 Iceland   0.00   0.00   0.42   0.00   0.00   0.00   0.00   0.00   0.00    0.00    0.00    0.04    0.04    0.00    0.00    0.00    0.00    0.00    0.00    0.00    0.00    0.00    0.00    0.00    0.00
    72     ISR                                  Israel   0.00   0.00   0.90   0.99   0.46   0.00   0.01   0.00   0.00    0.00    0.00    0.00    1.00    0.00    0.99    0.00    0.00    0.00    0.00    1.00    0.00    0.00    0.00    0.00    0.00
    73     ITA                                   Italy   0.00   0.01   0.00   0.19   0.14   0.00   0.00   0.00   0.00    0.00    0.00    0.00    0.01    0.00    0.86    0.00    0.04    0.00    0.00    0.01    0.00    0.00    0.00    0.00    0.86
    74     JAM                                 Jamaica   0.00   0.00   0.94   0.00   0.00   0.00   0.00   0.00   0.00    0.00    0.00    0.00    0.00    0.00    0.00    0.00    0.94    0.00    0.00    0.00    0.00    0.00    0.92    0.00    0.00
    75     JOR                                  Jordan   0.00   0.00   0.01   0.10   0.04   0.00   0.01   0.00   0.00    0.00    0.00    0.00    0.13    0.00    0.02    0.00    0.00    0.00    0.00    0.42    0.00    0.00    0.00    0.00    0.00
    76     JPN                                   Japan   0.00   0.00   0.97   0.00   0.00   0.00   0.00   0.00   0.00    0.97    0.00    0.00    0.97    0.10    0.97    0.00    0.53    0.00    0.00    0.22    0.00    0.00    0.00    0.00    0.00
    77     KAZ                              Kazakhstan   0.00   0.02   0.00   0.00   0.02   0.00   0.00   0.00   0.00    0.00    0.00    0.00    0.65    0.00    0.00    0.00    0.00    0.00    0.00    0.00    0.00    0.00    0.00    0.00    0.02
    78     KEN                                   Kenya   1.00   0.15   0.58   0.00   0.26   0.00   0.61   0.33   0.00    0.00    0.00    0.00    0.00    0.00    0.59    0.00    0.59    0.47    0.00    0.00    0.00    1.00    1.00    0.99    0.67
    79     KGZ                              Kyrgyzstan   0.00   0.00   0.00   0.00   0.09   0.00   0.00   0.00   0.00    0.00    0.00    0.00    0.77    0.00    0.00    0.00    0.00    0.00    0.00    0.00    0.00    0.00    0.00    0.00    0.00
    80     KHM                                Cambodia   0.00   0.04   1.00   0.00   0.00   0.00   0.00   0.00   0.00    1.00    0.29    0.00    0.00    0.00    0.99    0.00    0.10    0.00    0.00    1.00    0.00    0.00    0.99    0.03    0.00
    81     KOR                      Korea, Republic of   0.00   0.00   0.98   0.00   0.00   0.00   0.00   0.00   0.00    0.99    0.00    0.00    0.00    0.43    0.99    0.00    0.99    0.00    0.00    0.00    0.00    0.00    0.00    0.00    0.00
    82     KWT                                  Kuwait   0.00   0.51   0.04   0.00   0.00   0.00   0.04   0.00   0.00    0.00    0.00    0.00    0.00    0.00    0.99    0.00    0.00    0.00    0.00    0.00    0.00    0.00    0.00    0.00    0.00
    83     LAO                                    Laos   0.00   0.00   1.00   0.00   0.00   0.00   0.00   0.00   0.00    1.00    0.40    0.00    0.00    0.00    0.63    0.00    0.01    0.00    0.00    1.00    0.00    0.00    1.00    0.03    0.00
    84     LBN                                 Lebanon   0.00   0.00   0.94   0.88   0.00   0.00   0.89   0.00   0.00    0.00    0.00    0.00    0.20    0.00    0.92    0.00    0.00    0.00    0.00    0.94    0.00    0.00    0.00    0.00    0.00
    85     LBR                                 Liberia   1.00   0.00   1.00   0.02   0.00   0.00   1.00   0.99   0.00    0.00    0.00    0.00    0.00    0.00    1.00    0.00    1.00    1.00    1.00    0.00    0.00    0.99    0.11    0.99    0.00
    86     LBY                                   Libya   0.00   0.01   0.09   0.08   0.00   0.00   0.08   0.00   0.00    0.15    0.00    0.00    0.00    0.00    0.00    0.00    0.09    0.00    0.00    0.00    0.00    0.00    0.00    0.00    0.17
    87     LKA                               Sri Lanka   0.00   0.00   0.99   0.99   0.00   0.00   0.00   0.00   0.00    0.00    0.00    0.00    0.00    0.00    0.99    0.00    0.99    0.00    0.00    0.99    0.00    0.00    0.00    0.00    0.00
    88     LSO                                 Lesotho   0.00   0.19   0.99   0.00   0.00   0.00   0.69   0.00   0.00    0.00    0.00    0.00    0.00    0.00    0.00    0.00    0.00    0.00    0.00    0.00    0.00    0.00    0.00    0.00    0.00
    89     LTU                               Lithuania   0.00   0.00   0.00   0.00   0.00   0.00   0.00   0.00   0.00    0.00    0.00    0.22    1.00    0.00    0.11    0.00    0.00    0.00    0.00    0.00    0.00    0.00    0.00    0.00    0.00
    90     LUX                              Luxembourg   0.00   0.00   0.00   0.00   0.00   0.00   0.00   0.00   0.00    0.00    0.00    0.00    0.00    0.00    0.04    0.00    0.00    0.00    0.00    0.00    0.00    0.00    0.00    0.00    0.00
    91     LVA                                  Latvia   0.00   0.00   0.00   0.00   0.00   0.00   0.00   0.00   0.00    0.00    0.00    0.15    1.04    0.00    0.00    0.00    0.00    0.00    0.00    0.00    0.00    0.00    0.00    0.00    0.00
    92     MAR                                 Morocco   0.00   0.07   0.00   0.31   0.11   0.00   0.34   0.00   0.00    0.00    0.00    0.00    0.00    0.00    0.36    0.00    0.19    0.00    0.00    0.00    0.00    0.00    0.00    0.00    0.85
    93     MDA                                 Moldova   0.00   0.00   0.00   0.00   0.00   0.00   0.00   0.00   0.00    0.00    0.00    0.00    0.98    0.00    0.00    0.00    0.00    0.00    0.00    0.00    0.00    0.00    0.00    0.00    0.00
    94     MDG                              Madagascar   0.00   0.29   0.72   0.00   0.00   0.00   0.66   0.32   0.00    0.00    0.00    0.00    0.00    0.00    0.70    0.00    0.61    0.00    0.00    0.07    0.00    0.00    0.01    0.53    0.00
    95     MEX                                  Mexico   0.00   0.02   0.77   0.00   0.00   0.09   0.00   0.00   0.06    0.00    0.00    0.00    0.00    0.00    0.78    0.00    0.00    0.05    0.00    0.00    0.00    0.00    0.28    0.00    0.02
    96     MKD                               Macedonia   0.00   0.00   0.98   0.00   0.31   0.00   0.00   0.00   0.00    0.00    0.00    0.00    0.00    0.00    0.78    0.00    0.00    0.00    0.00    0.00    0.00    0.00    0.00    0.00    0.93
    97     MLI                                    Mali   0.36   0.00   0.40   0.27   0.00   0.00   0.48   0.16   0.00    0.00    0.00    0.00    0.00    0.00    0.40    0.00    0.38    0.00    0.40    0.00    0.00    0.29    0.01    0.27    0.00
    98     MMR                         Myanmar (Burma)   0.00   0.40   0.90   0.00   0.00   0.00   0.00   0.00   0.00    0.05    0.00    0.00    0.00    0.00    0.81    0.00    0.38    0.00    0.00    0.36    0.00    0.00    0.98    0.94    0.03
    99     MNG                                Mongolia   0.00   0.00   0.00   0.00   0.00   0.00   0.00   0.00   0.00    0.00    0.00    0.00    0.22    0.00    0.00    0.00    0.00    0.00    0.00    0.00    0.00    0.00    0.00    0.00    0.00
    100    MON                              Montenegro   0.00   0.00   0.07   0.00   0.01   0.00   0.00   0.00   0.00    0.00    0.00    0.00    0.00    0.00    1.00    0.00    0.00    0.00    0.00    0.00    0.00    0.00    0.00    0.00    0.89
    101    MOZ                              Mozambique   0.00   0.00   0.98   0.00   0.00   0.00   1.00   0.03   0.00    0.00    0.00    0.00    0.00    0.00    0.99    0.00    0.00    0.04    0.00    0.00    0.00    0.00    0.98    0.76    0.00
    102    MRT                              Mauritania   0.00   0.00   0.16   0.00   0.00   0.00   0.22   0.02   0.00    0.00    0.00    0.00    0.00    0.00    0.15    0.00    0.03    0.00    0.07    0.00    0.00    0.00    0.00    0.00    0.03
    103    MWI                                  Malawi   0.00   0.32   1.00   0.00   0.00   0.00   1.00   0.41   0.00    0.00    0.00    0.00    0.00    0.00    1.00    0.00    0.00    0.00    0.00    0.00    0.00    0.00    0.09    0.98    0.00
    104    MYS                                Malaysia   0.00   0.00   0.57   0.00   0.00   0.00   0.00   0.00   0.00    0.38    0.53    0.00    0.00    0.00    0.55    0.00    0.11    0.00    0.00    0.38    0.00    0.00    0.99    0.62    0.00
    105    NAM                                 Namibia   0.00   0.04   0.04   0.00   0.00   0.00   0.00   0.00   0.00    0.00    0.00    0.00    0.00    0.00    0.00    0.00    0.00    0.00    0.00    0.00    0.00    0.00    0.00    0.00    0.00
    106    NER                                   Niger   0.32   0.00   0.31   0.05   0.00   0.00   0.32   0.03   0.00    0.01    0.00    0.00    0.00    0.00    0.30    0.00    0.28    0.00    0.21    0.00    0.00    0.18    0.01    0.13    0.00
    107    NGA                                 Nigeria   1.00   0.01   1.00   1.00   0.00   0.00   1.00   0.69   0.00    0.92    0.00    0.00    0.00    0.00    1.00    0.48    1.00    0.66    1.00    0.00    0.00    1.00    0.98    1.00    0.00
    108    NIC                               Nicaragua   0.00   0.00   0.38   0.00   0.00   0.01   0.00   0.00   0.00    0.00    0.00    0.00    0.00    0.00    0.54    0.00    0.00    0.00    0.00    0.00    0.00    0.00    0.98    0.00    0.30
    109    NLD                             Netherlands   0.00   0.00   0.00   0.00   0.00   0.00   0.00   0.00   0.00    0.00    0.00    0.00    0.00    0.00    0.37    0.00    0.00    0.00    0.00    0.00    0.00    0.00    0.00    0.00    0.00
    110    NOR                                  Norway   0.00   0.00   0.00   0.00   0.00   0.00   0.00   0.00   0.00    0.00    0.00    0.00    0.00    0.00    0.00    0.00    0.00    0.00    0.00    0.00    0.00    0.00    0.00    0.00    0.00
    111    NPL                                   Nepal   0.00   0.00   0.02   0.02   0.02   0.00   0.00   0.00   0.00    0.01    0.00    0.00    0.00    0.00    0.45    0.00    0.03    0.00    0.00    0.02    0.00    0.00    0.03    0.61    0.27
    112    NZL                             New Zealand   0.00   0.00   0.00   0.00   0.00   0.00   0.00   0.00   0.00    0.00    0.00    0.00    0.00    0.00    0.00    0.00    0.00    0.00    0.00    0.00    0.00    0.00    0.00    0.00    0.00
    113    OMN                                    Oman   0.00   0.00   0.00   0.00   0.00   0.00   0.00   0.00   0.00    0.00    0.00    0.00    0.00    0.00    0.00    0.00    0.14    0.00    0.00    0.00    0.00    0.00    0.00    0.29    0.00
    114    PAK                                Pakistan   0.00   0.00   0.28   0.54   0.00   0.00   0.00   0.00   0.00    0.00    0.00    0.00    0.00    0.00    0.66    0.00    0.00    0.00    0.00    0.27    0.00    0.00    0.37    0.00    0.15
    115    PAN                                  Panama   0.96   0.02   0.32   0.00   0.00   0.01   0.00   0.00   0.24    0.01    0.00    0.00    0.00    0.00    0.01    0.00    0.01    0.00    0.00    0.00    0.00    0.94    0.94    0.88    0.00
    116    PER                                    Peru   0.43   0.08   0.55   0.00   0.00   0.88   0.00   0.04   0.00    0.52    0.00    0.00    0.00    0.00    0.25    0.00    0.00    0.00    0.00    0.00    0.00    0.56    0.98    0.00    0.00
    117    PHL                             Philippines   0.00   0.04   0.96   0.00   0.00   0.00   0.00   0.00   0.00    0.96    0.00    0.00    0.96    0.00    0.96    0.00    0.96    0.00    0.00    0.96    0.00    0.00    0.96    0.36    0.00
    118    PNG                        Papua New Guinea   0.00   0.00   0.00   0.00   0.00   0.00   0.00   0.00   0.00    0.31    0.00    0.00    0.00    0.00    0.32    0.00    0.13    0.00    0.02    0.00    0.00    0.00    0.98    0.92    0.00
    119    POL                                  Poland   0.00   0.00   0.00   0.00   0.00   0.00   0.00   0.00   0.00    0.00    0.00    0.00    0.86    0.00    0.98    0.00    0.00    0.00    0.00    0.00    0.00    0.00    0.00    0.00    0.00
    120    PRI                             Puerto Rico   0.00   0.45   0.00   0.00   0.00   0.00   0.00   0.95   0.00    0.00    0.00    0.00    0.00    0.00    0.00    0.00    0.95    0.00    0.00    0.00    0.00    0.00    0.94    0.00    0.00
    121    PRK  Korea, Democratic People's Republic of   0.00   0.00   0.00   0.00   0.00   0.00   0.00   0.00   0.00    0.99    0.00    0.00    0.00    0.05    0.99    0.00    0.26    0.00    0.00    0.00    0.00    0.00    0.00    0.00    0.00
    122    PRT                                Portugal   0.00   0.00   0.97   0.00   0.32   0.00   0.28   0.00   0.00    0.00    0.00    0.00    0.00    0.00    0.23    0.00    0.00    0.00    0.00    0.00    0.00    0.00    0.00    0.00    0.99
    123    PRY                                Paraguay   0.00   0.00   0.29   0.00   0.00   0.26   0.00   0.00   0.00    0.00    0.00    0.00    0.00    0.00    0.34    0.00    0.00    0.00    0.44    0.00    0.00    0.05    0.94    0.00    0.99
    124    QAT                                   Qatar   0.00   0.00   0.00   0.00   0.00   0.00   0.00   0.00   0.00    0.00    0.00    0.00    0.00    0.00    0.00    0.00    0.00    0.00    0.00    0.00    0.00    0.00    0.00    0.00    0.00
    125    ROM                                 Romania   0.00   0.00   0.97   0.00   0.00   0.00   0.00   0.00   0.00    0.00    0.00    0.00    1.00    0.00    0.00    0.00    0.00    0.00    0.00    0.00    0.00    0.00    0.00    0.00    0.00
    126    RUS                                  Russia   0.00   0.01   0.00   0.01   0.00   0.00   0.00   0.00   0.00    0.00    0.00    0.02    0.40    0.00    0.04    0.00    0.00    0.00    0.00    0.00    0.00    0.00    0.00    0.00    0.00
    127    RWA                                  Rwanda   1.00   0.00   1.00   0.00   0.00   0.00   0.02   0.02   0.00    0.00    0.00    0.00    0.00    0.00    0.81    0.02    1.00    1.00    0.02    0.00    0.00    1.01    0.11    1.01    0.00
    128    SAU                            Saudi Arabia   0.00   0.02   0.00   0.00   0.00   0.00   0.03   0.04   0.00    0.00    0.00    0.00    0.00    0.00    0.00    0.00    0.00    0.00    0.00    0.00    0.00    0.00    0.00    0.00    0.00
    129    SDN                                   Sudan   0.62   0.00   0.56   0.00   0.51   0.00   0.51   0.22   0.00    0.00    0.00    0.00    0.00    0.00    0.07    0.13    0.26    0.36    0.25    0.22    0.00    0.41    0.13    0.42    0.51
    130    SEN                                 Senegal   1.00   0.00   1.00   0.98   0.00   0.00   1.00   0.23   0.00    0.00    0.00    0.00    0.00    0.00    1.00    0.00    0.99    0.27    0.99    0.02    0.00    0.90    0.87    0.68    0.00
    131    SLE                            Sierra Leone   0.99   0.00   1.00   0.02   0.00   0.00   1.00   1.00   0.00    0.00    0.00    0.00    0.00    0.00    1.00    0.00    1.00    1.00    1.00    0.00    0.00    1.00    0.93    1.00    0.00
    132    SLV                             El Salvador   0.00   0.00   0.06   0.00   0.00   0.00   0.00   0.00   0.00    0.00    0.00    0.00    0.00    0.00    1.00    0.00    0.00    0.26    0.00    0.00    0.00    0.00    0.97    0.00    0.45
    133    SOM                                 Somalia   0.60   0.01   0.80   0.00   0.05   0.00   0.61   0.00   0.00    0.00    0.00    0.00    0.00    0.00    0.58    0.00    0.79    0.00    0.00    0.52    0.00    0.77    0.99    0.13    0.23
    134    SRB                                  Serbia   0.00   0.00   0.98   0.00   0.18   0.00   0.00   0.00   0.00    0.00    0.00    0.00    0.01    0.00    0.98    0.00    0.00    0.00    0.00    0.00    0.00    0.00    0.00    0.00    0.46
    135    SUR                                Suriname   0.94   0.00   0.33   0.00   0.00   0.00   0.00   0.28   0.00    0.00    0.00    0.00    0.00    0.00    0.32    0.00    0.27    0.00    0.00    0.00    0.00    0.99    0.97    0.34    0.00
    136    SVK                                Slovakia   0.00   0.00   0.00   0.00   0.00   0.00   0.00   0.00   0.00    0.00    0.00    0.00    0.45    0.00    0.10    0.00    0.00    0.00    0.00    0.00    0.00    0.00    0.00    0.00    0.00
    137    SVN                                Slovenia   0.00   0.00   0.95   0.00   0.00   0.00   0.00   0.00   0.00    0.00    0.00    0.00    0.00    0.00    1.00    0.00    0.16    0.00    0.00    0.00    0.00    0.00    0.00    0.00    0.80
    138    SWE                                  Sweden   0.00   0.00   0.00   0.00   0.00   0.00   0.00   0.00   0.00    0.00    0.00    0.00    0.68    0.00    0.00    0.00    0.00    0.00    0.00    0.00    0.00    0.00    0.00    0.00    0.00
    139    SWZ                               Swaziland   0.00   0.00   0.99   0.00   0.00   0.00   0.99   0.98   0.00    0.00    0.00    0.00    0.00    0.00    0.01    0.00    0.00    0.00    0.00    0.00    0.00    0.00    0.07    0.00    0.00
    140    SYR                                   Syria   0.00   0.02   0.86   0.14   0.00   0.00   0.88   0.17   0.00    0.00    0.00    0.00    0.01    0.00    0.98    0.00    0.00    0.00    0.00    0.83    0.00    0.00    0.00    0.00    0.00
    141    TCD                                    Chad   0.52   0.00   0.31   0.02   0.00   0.00   0.35   0.26   0.00    0.06    0.00    0.00    0.00    0.00    0.34    0.00    0.34    0.27    0.34    0.02    0.00    0.41    0.00    0.40    0.02
    142    TGO                                    Togo   1.01   0.00   1.00   0.03   0.00   0.00   1.00   0.61   0.00    0.02    0.00    0.00    0.00    0.00    1.00    0.00    1.00    0.38    1.00    0.01    0.00    1.02    0.79    1.02    0.00
    143    THA                                Thailand   0.00   0.04   1.00   0.00   0.00   0.00   0.00   0.00   0.00    1.00    0.00    0.04    0.00    0.00    1.00    0.00    0.90    0.00    0.00    1.00    0.00    0.00    0.99    0.00    0.00
    144    TJK                              Tajikistan   0.00   0.00   0.00   0.51   0.29   0.00   0.00   0.00   0.00    0.00    0.00    0.00    0.59    0.00    0.00    0.00    0.00    0.00    0.00    0.00    0.00    0.00    0.00    0.00    0.00
    145    TKM                            Turkmenistan   0.00   0.00   0.00   0.33   0.00   0.00   0.00   0.00   0.00    0.00    0.00    0.00    0.25    0.00    0.00    0.00    0.00    0.00    0.00    0.00    0.00    0.00    0.00    0.00    0.00
    146    TTO                                Trinidad   0.00   0.00   0.00   0.00   0.00   0.00   0.00   0.00   0.00    0.00    0.00    0.00    0.00    0.00    0.00    0.00    0.92    0.00    0.00    0.00    0.00    0.00    0.80    0.00    0.00
    147    TUN                                 Tunisia   0.00   0.34   0.69   0.60   0.17   0.00   0.72   0.00   0.00    0.00    0.00    0.00    0.00    0.00    0.00    0.00    0.51    0.00    0.06    0.00    0.00    0.00    0.00    0.00    0.99
    148    TUR                                  Turkey   0.00   0.01   0.98   0.41   0.01   0.00   0.00   0.00   0.00    0.00    0.00    0.00    0.00    0.00    0.14    0.00    0.03    0.00    0.00    0.99    0.00    0.00    0.00    0.00    0.43
    149    TWN                                  Taiwan   0.00   0.23   0.97   0.00   0.00   0.00   0.00   0.00   0.00    0.98    0.00    0.00    0.00    0.00    0.98    0.00    0.98    0.00    0.00    0.98    0.00    0.00    1.01    0.00    0.00
    150    TZA            Tanzania, United Republic of   0.99   0.08   0.41   0.00   0.00   0.00   0.44   0.14   0.00    0.00    0.00    0.00    0.00    0.00    0.42    0.00    0.39    0.61    0.00    0.00    0.00    0.98    0.99    0.99    0.00
    151    UGA                                  Uganda   1.01   0.26   0.96   0.00   0.01   0.00   0.38   0.36   0.00    0.00    0.00    0.00    0.00    0.00    0.96    0.59    0.99    0.99    0.64    0.00    0.00    1.00    0.06    1.00    0.05
    152    UKR                                 Ukraine   0.00   0.00   0.00   0.00   0.00   0.00   0.00   0.00   0.00    0.00    0.00    0.00    1.00    0.00    0.00    0.00    0.00    0.00    0.00    0.00    0.00    0.00    0.00    0.00    0.00
    153    URY                                 Uruguay   0.00   0.03   1.00   0.00   0.00   0.00   0.00   0.00   0.00    0.00    0.00    0.00    0.00    0.00    0.00    0.00    0.00    0.00    0.00    0.00    0.00    0.00    0.00    0.00    0.00
    154    USA                           United States   0.00   0.04   0.00   0.00   0.00   0.00   0.00   0.00   0.00    0.00    0.00    0.00    0.07    0.00    0.15    0.00    0.00    0.00    0.00    0.00    0.00    0.00    0.07    0.00    0.00
    155    UZB                              Uzbekistan   0.00   0.00   0.00   0.07   0.13   0.00   0.00   0.00   0.00    0.00    0.00    0.00    0.44    0.00    0.00    0.00    0.00    0.00    0.00    0.00    0.00    0.00    0.00    0.00    0.00
    156    VEN                               Venezuela   0.99   0.01   0.48   0.00   0.00   0.46   0.00   0.10   0.18    0.51    0.00    0.00    0.00    0.00    0.54    0.00    0.55    0.09    0.00    0.00    0.00    0.99    0.97    0.01    0.06
    157    VNM                                 Vietnam   0.00   0.05   1.00   0.00   0.00   0.00   0.00   0.00   0.00    0.99    0.85    0.00    0.00    0.04    0.70    0.00    0.77    0.00    0.00    1.00    0.00    0.00    0.96    0.82    0.00
    158    WSH                          Western Sahara   0.00   0.00   0.01   0.00   0.00   0.00   0.20   0.00   0.00    0.00    0.00    0.00    0.00    0.00    0.18    0.00    0.00    0.00    0.00    0.00    0.00    0.00    0.00    0.00    0.74
    159    YEM                                   Yemen   0.00   0.03   0.00   0.00   0.00   0.00   0.24   0.09   0.00    0.00    0.00    0.00    0.00    0.00    0.00    0.00    0.19    0.00    0.00    0.00    0.00    0.00    0.00    0.00    0.00
    160    ZAF                            South Africa   0.00   0.28   0.92   0.00   0.00   0.00   0.32   0.15   0.00    0.00    0.00    0.00    0.00    0.00    0.03    0.00    0.00    0.00    0.00    0.00    0.00    0.00    0.01    0.00    0.00
    161    ZAR                                   Zaire   0.95   0.00   0.88   0.00   0.00   0.00   0.84   0.86   0.00    0.86    0.00    0.00    0.00    0.00    0.85    0.66    0.85    0.85    0.85    0.03    0.04    0.90    0.99    1.00    0.00
    162    ZMB                                  Zambia   0.16   0.16   0.44   0.00   0.00   0.00   0.53   0.41   0.00    0.00    0.00    0.00    0.00    0.00    0.52    0.00    0.00    0.00    0.44    0.00    0.00    0.15    0.02    0.75    0.00
    163    ZWE                                Zimbabwe   0.00   0.00   0.98   0.00   0.00   0.00   1.00   0.43   0.00    0.00    0.00    0.00    0.00    0.00    0.01    0.00    0.00    0.00    0.00    0.00    0.00    0.00    0.05    0.51    0.00
